KP|Generate_v6_11292	CPB0164	100.00	3966	0	0	40073	44038	7881	11846	0.0	7324
KP|Generate_v6_11292	CPB0164	100.00	1759	0	0	38314	40072	15845	17603	0.0	3249
KP|Generate_v6_11292	CPB0164	99.88	1630	1	1	36456	38084	36887	38516	0.0	2998
KP|Generate_v6_11292	CPB0164	100.00	966	0	0	7623	8588	17998	18963	0.0	1784
KP|Generate_v6_11292	CPB0164	93.15	993	68	0	28224	29216	23265	22273	0.0	1458
KP|Generate_v6_11292	CPB0164	91.98	885	71	0	16216	17100	11906	12790	0.0	1242
KP|Generate_v6_11292	CPB0164	88.43	951	90	9	23961	24908	18930	17997	0.0	1129
KP|Generate_v6_11292	CPB0164	92.97	612	41	2	15626	16237	5019	5628	0.0	891
KP|Generate_v6_11292	CPB0164	91.53	425	35	1	18126	18550	12785	13208	1e-164	584
KP|Generate_v6_11292	CPB0164	94.96	258	13	0	15368	15625	15049	15306	9e-111	405
KP|Generate_v6_11292	CPB0164	100.00	122	0	0	38059	38180	26615	26736	8e-57	226
KP|Generate_v6_11292	CPB0164	100.00	98	0	0	38181	38278	24302	24399	2e-43	182
KP|Generate_v6_11292	CPB0164	85.51	69	7	3	38279	38347	20471	20536	1e-09	69.4
KP|Generate_v6_11292	CPB0244	97.00	3966	119	0	40073	44038	31600	35565	0.0	6665
KP|Generate_v6_11292	CPB0244	92.81	2335	168	0	16216	18550	35625	37959	0.0	3382
KP|Generate_v6_11292	CPB0244	96.30	1728	64	0	38345	40072	1	1728	0.0	2837
KP|Generate_v6_11292	CPB0244	96.31	1628	59	1	36458	38084	21000	22627	0.0	2673
KP|Generate_v6_11292	CPB0244	93.45	993	65	0	28224	29216	6994	6002	0.0	1474
KP|Generate_v6_11292	CPB0244	95.75	612	24	2	15626	16237	28738	29347	0.0	985
KP|Generate_v6_11292	CPB0244	95.47	419	12	7	7623	8038	2123	2537	0.0	662
KP|Generate_v6_11292	CPB0244	88.31	479	39	15	8085	8554	2697	3167	7e-157	558
KP|Generate_v6_11292	CPB0244	86.05	509	42	18	23942	24443	3185	2699	3e-145	520
KP|Generate_v6_11292	CPB0244	89.59	413	36	7	24498	24908	2529	2122	1e-144	518
KP|Generate_v6_11292	CPB0244	99.22	258	2	0	15368	15625	39764	40021	4e-129	466
KP|Generate_v6_11292	CPB0244	98.36	122	2	0	38059	38180	10382	10503	2e-53	215
KP|Generate_v6_11292	CPB0244	100.00	97	0	0	38181	38277	8031	8127	6e-43	180
KP|Generate_v6_11292	CPB0244	100.00	31	0	0	38314	38344	40560	40590	3e-06	58.4
KP|Generate_v6_11292	CPB0187	94.65	3966	212	0	40073	44038	11234	7269	0.0	6150
KP|Generate_v6_11292	CPB0187	100.00	2334	0	0	16217	18550	7207	4874	0.0	4311
KP|Generate_v6_11292	CPB0187	97.50	1757	44	0	38314	40070	2273	517	0.0	3001
KP|Generate_v6_11292	CPB0187	95.77	1633	68	1	36456	38087	21743	20111	0.0	2632
KP|Generate_v6_11292	CPB0187	94.06	993	59	0	28224	29216	35597	36589	0.0	1507
KP|Generate_v6_11292	CPB0187	99.02	612	4	2	15626	16237	14096	13487	0.0	1096
KP|Generate_v6_11292	CPB0187	92.50	507	29	6	23940	24443	39186	39686	0.0	717
KP|Generate_v6_11292	CPB0187	91.15	486	29	5	8081	8555	39691	39209	0.0	647
KP|Generate_v6_11292	CPB0187	100.00	258	0	0	15368	15625	3069	2812	2e-132	477
KP|Generate_v6_11292	CPB0187	90.66	332	22	9	7742	8069	40145	39819	4e-119	433
KP|Generate_v6_11292	CPB0187	98.32	119	2	0	7623	7741	119	1	8e-52	209
KP|Generate_v6_11292	CPB0187	96.67	120	4	0	24789	24908	1	120	5e-49	200
KP|Generate_v6_11292	CPB0187	91.87	123	9	1	38059	38180	32254	32132	4e-40	171
KP|Generate_v6_11292	CPB0187	96.84	95	3	0	38181	38275	34560	34466	8e-37	159
