KP|Generate_v6_12421	CPB0187	100.00	3966	0	0	36074	40039	11234	7269	0.0	7324
KP|Generate_v6_12421	CPB0187	100.00	2334	0	0	41051	43384	7207	4874	0.0	4311
KP|Generate_v6_12421	CPB0187	100.00	2334	0	0	33673	36006	7207	4874	0.0	4311
KP|Generate_v6_12421	CPB0187	99.83	1771	2	1	25184	26954	2284	515	0.0	3253
KP|Generate_v6_12421	CPB0187	99.89	1765	1	1	43859	45622	2272	508	0.0	3247
KP|Generate_v6_12421	CPB0187	100.00	1608	0	0	27386	28993	21742	20135	0.0	2970
KP|Generate_v6_12421	CPB0187	100.00	1575	0	0	30407	31981	4863	3289	0.0	2909
KP|Generate_v6_12421	CPB0187	100.00	1040	0	0	32635	33674	18936	17897	0.0	1921
KP|Generate_v6_12421	CPB0187	100.00	906	0	0	29240	30145	23581	22676	0.0	1674
KP|Generate_v6_12421	CPB0187	100.00	592	0	0	24606	25197	14096	13505	0.0	1094
KP|Generate_v6_12421	CPB0187	100.00	447	0	0	40604	41050	2715	2269	0.0	826
KP|Generate_v6_12421	CPB0187	100.00	412	0	0	31982	32393	14509	14098	0.0	761
KP|Generate_v6_12421	CPB0187	100.00	412	0	0	26955	27366	14509	14098	0.0	761
KP|Generate_v6_12421	CPB0187	90.48	567	35	4	49184	49749	36802	37350	0.0	730
KP|Generate_v6_12421	CPB0187	91.86	381	31	0	14110	14490	34288	33908	5e-149	532
KP|Generate_v6_12421	CPB0187	99.25	268	1	1	30146	30412	22026	21759	5e-134	483
KP|Generate_v6_12421	CPB0187	100.00	248	0	0	28992	29239	22499	22252	8e-127	459
KP|Generate_v6_12421	CPB0187	99.56	228	0	1	32412	32638	22250	22023	2e-113	414
KP|Generate_v6_12421	CPB0187	99.00	200	2	0	11036	11235	29166	29365	8e-97	359
KP|Generate_v6_12421	CPB0187	98.68	76	1	0	49752	49827	26850	26775	2e-29	135
KP|Generate_v6_12421	CPB0187	100.00	67	0	0	36007	36073	17560	17626	3e-26	124
KP|Generate_v6_12421	CPB0187	100.00	63	0	0	43796	43858	1	63	5e-24	117
KP|Generate_v6_12421	CPB0263	100.00	3822	0	0	6386	10207	88217	84396	0.0	7059
KP|Generate_v6_12421	CPB0479	95.36	3968	180	3	36074	40039	4566	601	0.0	6305
KP|Generate_v6_12421	CPB0479	96.61	1771	59	1	25184	26954	36157	34388	0.0	2937
KP|Generate_v6_12421	CPB0479	96.66	1765	58	1	43859	45622	36145	34381	0.0	2931
KP|Generate_v6_12421	CPB0479	95.46	1607	73	0	27387	28993	15010	13404	0.0	2564
KP|Generate_v6_12421	CPB0479	96.39	1025	37	0	32635	33659	12107	11083	0.0	1688
KP|Generate_v6_12421	CPB0479	95.58	905	40	0	29241	30145	16839	15935	0.0	1450
KP|Generate_v6_12421	CPB0479	92.83	558	39	1	13937	14493	28035	27478	0.0	808
KP|Generate_v6_12421	CPB0479	91.22	592	52	0	24606	25197	7428	6837	0.0	806
KP|Generate_v6_12421	CPB0479	97.99	447	9	0	40604	41050	36588	36142	0.0	776
KP|Generate_v6_12421	CPB0479	92.91	494	35	0	49184	49677	30376	30869	0.0	719
KP|Generate_v6_12421	CPB0479	97.57	412	10	0	31982	32393	7841	7430	0.0	706
KP|Generate_v6_12421	CPB0479	97.57	412	10	0	26955	27366	7841	7430	0.0	706
KP|Generate_v6_12421	CPB0479	98.39	248	4	0	28992	29239	15756	15509	4e-120	436
KP|Generate_v6_12421	CPB0479	95.29	255	12	0	30146	30400	15283	15029	1e-110	405
KP|Generate_v6_12421	CPB0479	81.99	472	81	4	41051	41520	538	69	2e-108	398
KP|Generate_v6_12421	CPB0479	81.99	472	81	4	33673	34142	538	69	2e-108	398
KP|Generate_v6_12421	CPB0479	95.18	228	10	1	32412	32638	15507	15280	8e-97	359
KP|Generate_v6_12421	CPB0479	99.00	200	2	0	11036	11235	22505	22704	8e-97	359
KP|Generate_v6_12421	CPB0479	98.68	76	1	0	49752	49827	20319	20244	2e-29	135
KP|Generate_v6_12421	CPB0479	98.44	64	1	0	36007	36070	10893	10956	7e-23	113
KP|Generate_v6_12421	CPB0479	98.33	60	0	1	30425	30484	38855	38797	4e-20	104
KP|Generate_v6_12421	CPB0479	95.24	63	3	0	43796	43858	33875	33937	6e-19	100
