KP|Generate_v6_13944	CPB0164	100.00	2722	0	0	41693	44414	21580	24301	0.0	5027
KP|Generate_v6_13944	CPB0164	100.00	2127	0	0	39567	41693	32400	34526	0.0	3928
KP|Generate_v6_13944	CPB0164	97.34	1768	44	2	30695	32459	15834	17601	0.0	3001
KP|Generate_v6_13944	CPB0164	95.96	1610	65	0	27399	29008	36886	38495	0.0	2614
KP|Generate_v6_13944	CPB0164	96.25	1575	59	0	16053	17627	13219	14793	0.0	2582
KP|Generate_v6_13944	CPB0164	95.06	1053	50	2	29244	30294	170	1222	0.0	1655
KP|Generate_v6_13944	CPB0164	95.29	1040	49	0	17628	18667	183	1222	0.0	1650
KP|Generate_v6_13944	CPB0164	97.35	906	24	0	19356	20261	35050	35955	0.0	1541
KP|Generate_v6_13944	CPB0164	87.76	1046	100	21	24854	25882	25586	26620	0.0	1197
KP|Generate_v6_13944	CPB0164	96.30	703	25	1	21791	22493	27733	28434	0.0	1153
KP|Generate_v6_13944	CPB0164	96.20	447	17	0	15606	16052	15403	15849	0.0	732
KP|Generate_v6_13944	CPB0164	98.05	411	8	0	26990	27400	4606	5016	0.0	715
KP|Generate_v6_13944	CPB0164	98.05	411	8	0	30293	30703	4606	5016	0.0	715
KP|Generate_v6_13944	CPB0164	91.86	381	31	0	26315	26695	24574	24954	4e-149	532
KP|Generate_v6_13944	CPB0164	85.28	462	58	7	23684	24140	28883	29339	1e-129	468
KP|Generate_v6_13944	CPB0164	85.28	462	58	7	24140	24596	28883	29339	1e-129	468
KP|Generate_v6_13944	CPB0164	85.25	461	58	7	20262	20717	28883	29338	4e-129	466
KP|Generate_v6_13944	CPB0164	99.19	248	2	0	29007	29254	36131	36378	2e-123	448
KP|Generate_v6_13944	CPB0164	96.06	254	10	0	24594	24847	25226	25479	2e-113	414
KP|Generate_v6_13944	CPB0164	96.06	254	10	0	25881	26134	25226	25479	2e-113	414
KP|Generate_v6_13944	CPB0164	90.65	310	29	0	18666	18975	34545	34854	6e-113	412
KP|Generate_v6_13944	CPB0164	83.67	392	53	8	18969	19356	32000	32384	8e-97	359
KP|Generate_v6_13944	CPB0164	83.67	392	53	8	23006	23393	32000	32384	8e-97	359
KP|Generate_v6_13944	CPB0164	95.37	216	9	1	23469	23683	31401	31616	8e-92	342
KP|Generate_v6_13944	CPB0164	95.33	214	9	1	22673	22886	31407	31619	1e-90	339
KP|Generate_v6_13944	CPB0164	95.71	210	9	0	21371	21580	31407	31616	1e-90	339
KP|Generate_v6_13944	CPB0164	95.71	210	9	0	21581	21790	31407	31616	1e-90	339
KP|Generate_v6_13944	CPB0164	92.66	177	13	0	20935	21111	25048	25224	1e-65	255
KP|Generate_v6_13944	CPB0164	99.26	135	1	0	21220	21354	27501	27635	2e-62	244
KP|Generate_v6_13944	CPB0164	99.25	134	1	0	26705	26838	27502	27635	8e-62	243
KP|Generate_v6_13944	CPB0164	100.00	120	0	0	10836	10955	29488	29607	1e-55	222
KP|Generate_v6_13944	CPB0164	89.92	129	11	2	26855	26981	182	54	2e-38	165
KP|Generate_v6_13944	CPB0164	93.58	109	6	1	20718	20826	26736	26629	2e-37	161
KP|Generate_v6_13944	CPB0164	95.00	100	5	0	20835	20934	25585	25486	3e-36	158
KP|Generate_v6_13944	CPB0164	92.59	81	3	2	2540	2619	24969	25047	6e-23	113
KP|Generate_v6_13944	CPB0164	100.00	47	0	0	44409	44455	1215	1261	4e-15	87.9
KP|Generate_v6_13944	CPB0164	92.31	52	3	1	12909	12960	29335	29385	1e-10	73.1
KP|Generate_v6_13944	CPB0244	95.66	2722	118	0	41693	44414	5309	8030	0.0	4373
KP|Generate_v6_13944	CPB0244	92.20	2128	152	7	39567	41693	16535	18649	0.0	2998
KP|Generate_v6_13944	CPB0244	96.41	1726	62	0	30734	32459	1	1726	0.0	2844
KP|Generate_v6_13944	CPB0244	97.33	1575	42	0	16053	17627	37970	39544	0.0	2676
KP|Generate_v6_13944	CPB0244	95.89	1607	66	0	27402	29008	21000	22606	0.0	2603
KP|Generate_v6_13944	CPB0244	97.82	1053	21	2	29244	30294	23887	24939	0.0	1816
KP|Generate_v6_13944	CPB0244	98.08	1040	20	0	17628	18667	23900	24939	0.0	1810
KP|Generate_v6_13944	CPB0244	97.69	908	17	4	19356	20261	19173	20078	0.0	1557
KP|Generate_v6_13944	CPB0244	98.29	703	11	1	21791	22493	11652	12353	0.0	1230
KP|Generate_v6_13944	CPB0244	87.65	1069	85	33	24854	25882	9326	10387	0.0	1199
KP|Generate_v6_13944	CPB0244	99.78	447	1	0	15606	16052	40118	40564	0.0	821
KP|Generate_v6_13944	CPB0244	91.47	563	46	2	26141	26702	8129	8690	0.0	773
KP|Generate_v6_13944	CPB0244	96.59	411	14	0	26990	27400	28325	28735	0.0	682
KP|Generate_v6_13944	CPB0244	96.59	411	14	0	30293	30703	28325	28735	0.0	682
KP|Generate_v6_13944	CPB0244	85.71	455	49	11	20262	20708	12801	13247	4e-129	466
KP|Generate_v6_13944	CPB0244	85.71	455	49	11	23684	24130	12801	13247	4e-129	466
KP|Generate_v6_13944	CPB0244	85.71	455	49	11	24140	24586	12801	13247	4e-129	466
KP|Generate_v6_13944	CPB0244	92.90	310	22	0	18666	18975	18668	18977	1e-124	451
KP|Generate_v6_13944	CPB0244	98.79	248	3	0	29007	29254	20254	20501	7e-122	442
KP|Generate_v6_13944	CPB0244	85.60	389	56	0	18969	19357	16132	16520	7e-112	409
KP|Generate_v6_13944	CPB0244	85.57	388	56	0	23006	23393	16132	16519	3e-111	407
KP|Generate_v6_13944	CPB0244	95.37	216	9	1	23469	23683	15533	15748	8e-92	342
KP|Generate_v6_13944	CPB0244	95.33	214	9	1	22673	22886	15539	15751	1e-90	339
KP|Generate_v6_13944	CPB0244	95.71	210	9	0	21371	21580	15539	15748	1e-90	339
KP|Generate_v6_13944	CPB0244	95.71	210	9	0	21581	21790	15539	15748	1e-90	339
KP|Generate_v6_13944	CPB0244	92.66	177	13	0	20935	21111	8779	8955	1e-65	255
KP|Generate_v6_13944	CPB0244	96.03	151	6	0	21220	21370	11442	11592	6e-63	246
KP|Generate_v6_13944	CPB0244	96.03	151	6	0	26705	26855	11443	11593	6e-63	246
KP|Generate_v6_13944	CPB0244	93.20	147	10	0	12812	12958	13256	13402	5e-54	217
KP|Generate_v6_13944	CPB0244	95.41	109	4	1	20718	20826	10503	10396	1e-40	172
KP|Generate_v6_13944	CPB0244	89.60	125	12	1	10831	10955	13616	13739	3e-36	158
KP|Generate_v6_13944	CPB0244	96.63	89	3	0	20838	20926	9322	9234	2e-33	148
KP|Generate_v6_13944	CPB0244	98.77	81	0	1	2540	2619	8698	8778	8e-32	143
KP|Generate_v6_13944	CPB0244	92.00	75	4	1	35357	35429	5239	5313	4e-20	104
KP|Generate_v6_13944	CPB0244	91.30	69	6	0	24779	24847	9151	9219	2e-17	95.3
KP|Generate_v6_13944	CPB0244	91.30	69	6	0	26066	26134	9151	9219	2e-17	95.3
KP|Generate_v6_13944	CPB0244	100.00	51	0	0	26889	26939	23824	23774	2e-17	95.3
KP|Generate_v6_13944	CPB0244	92.86	42	0	2	30695	30733	40549	40590	3e-06	58.4
KP|Generate_v6_13944	CPB0871	93.68	2722	172	0	41693	44414	17348	20069	0.0	4074
KP|Generate_v6_13944	CPB0871	94.70	2133	104	8	39567	41693	28207	30336	0.0	3304
KP|Generate_v6_13944	CPB0871	96.61	1770	57	2	30695	32461	11802	13571	0.0	2933
KP|Generate_v6_13944	CPB0871	96.46	1610	57	0	27399	29008	33056	34665	0.0	2658
KP|Generate_v6_13944	CPB0871	96.20	1054	36	4	29244	30294	35820	36872	0.0	1722
KP|Generate_v6_13944	CPB0871	96.45	1041	35	2	17628	18667	35833	36872	0.0	1716
KP|Generate_v6_13944	CPB0871	95.60	909	36	4	19355	20261	31218	32124	0.0	1454
KP|Generate_v6_13944	CPB0871	90.38	1050	65	27	24854	25882	21355	22389	0.0	1347
KP|Generate_v6_13944	CPB0871	96.16	703	23	2	21791	22493	23625	24323	0.0	1146
KP|Generate_v6_13944	CPB0871	92.25	555	42	1	26141	26695	20168	20721	0.0	785
KP|Generate_v6_13944	CPB0871	96.87	447	14	0	15606	16052	11371	11817	0.0	749
KP|Generate_v6_13944	CPB0871	97.08	411	12	0	26990	27400	40256	40666	0.0	693
KP|Generate_v6_13944	CPB0871	97.08	411	12	0	30293	30703	40256	40666	0.0	693
KP|Generate_v6_13944	CPB0871	91.77	389	31	1	18969	19357	27805	28192	3e-151	540
KP|Generate_v6_13944	CPB0871	91.75	388	31	1	23006	23393	27805	28191	9e-151	538
KP|Generate_v6_13944	CPB0871	86.21	464	50	10	23684	24140	24772	25228	3e-136	490
KP|Generate_v6_13944	CPB0871	86.21	464	50	10	24140	24596	24772	25228	3e-136	490
KP|Generate_v6_13944	CPB0871	86.18	463	50	10	20262	20717	24772	25227	9e-136	488
KP|Generate_v6_13944	CPB0871	98.79	248	3	0	29007	29254	32301	32548	7e-122	442
KP|Generate_v6_13944	CPB0871	96.46	254	9	0	24594	24847	20995	21248	3e-115	420
KP|Generate_v6_13944	CPB0871	96.46	254	9	0	25881	26134	20995	21248	3e-115	420
KP|Generate_v6_13944	CPB0871	88.45	303	35	0	18666	18968	30511	30813	4e-99	366
KP|Generate_v6_13944	CPB0871	94.44	216	11	1	23469	23683	27204	27419	2e-88	331
KP|Generate_v6_13944	CPB0871	94.39	214	11	1	22673	22886	27210	27422	2e-87	327
KP|Generate_v6_13944	CPB0871	94.76	210	11	0	21371	21580	27210	27419	2e-87	327
KP|Generate_v6_13944	CPB0871	94.76	210	11	0	21581	21790	27210	27419	2e-87	327
KP|Generate_v6_13944	CPB0871	99.28	138	1	0	21220	21357	23393	23530	5e-64	250
KP|Generate_v6_13944	CPB0871	99.27	137	1	0	26705	26841	23394	23530	2e-63	248
KP|Generate_v6_13944	CPB0871	90.96	177	16	0	20935	21111	20817	20993	1e-60	239
KP|Generate_v6_13944	CPB0871	95.83	120	5	0	10836	10955	25291	25410	2e-47	195
KP|Generate_v6_13944	CPB0871	94.34	106	5	1	20721	20826	22502	22398	2e-37	161
KP|Generate_v6_13944	CPB0871	100.00	81	0	0	26855	26935	35832	35752	5e-34	150
KP|Generate_v6_13944	CPB0871	96.67	90	1	2	20838	20926	21351	21263	2e-33	148
KP|Generate_v6_13944	CPB0871	97.53	81	1	1	2540	2619	20736	20816	4e-30	137
KP|Generate_v6_13944	CPB0871	91.46	82	5	2	16053	16133	8932	9012	2e-22	111
KP|Generate_v6_13944	CPB0871	93.06	72	4	1	12909	12980	25224	25294	4e-20	104
