KP|Generate_v6_20860	CPB0881	100.00	4380	0	0	6278	10657	169610	165231	0.0	8089
KP|Generate_v6_20860	CPB0881	99.66	291	1	0	5987	6277	116417	116707	4e-149	532
KP|Generate_v6_20860	CPB0881	100.00	180	0	0	5813	5992	56393	56572	5e-89	333
KP|Generate_v6_20860	CPB0884	100.00	2487	0	0	35869	38355	5832	3346	0.0	4593
KP|Generate_v6_20860	CPB0884	99.91	1059	0	1	13601	14659	36560	35503	0.0	1949
KP|Generate_v6_20860	CPB0884	100.00	576	0	0	34430	35005	40652	40077	0.0	1064
KP|Generate_v6_20860	CPB0884	99.34	453	2	1	35428	35879	20294	19842	0.0	819
KP|Generate_v6_20860	CPB0884	99.09	440	2	2	12796	13235	24166	23729	0.0	789
KP|Generate_v6_20860	CPB0884	100.00	373	0	0	13234	13606	26004	25632	0.0	689
KP|Generate_v6_20860	CPB0884	100.00	217	0	0	35005	35221	40936	40720	1e-109	401
KP|Generate_v6_20860	CPB0884	100.00	189	0	0	35239	35427	35030	34842	5e-94	350
KP|Generate_v6_20860	CPB0884	100.00	78	0	0	12735	12812	1	78	2e-32	145
KP|Generate_v6_20860	CPB0884	100.00	77	0	0	38356	38432	1	77	9e-32	143
KP|Generate_v6_20860	CPB0187	99.71	2401	4	2	28471	30869	16960	14561	0.0	4392
KP|Generate_v6_20860	CPB0187	100.00	2376	0	0	32042	34417	16958	14583	0.0	4388
KP|Generate_v6_20860	CPB0187	100.00	2336	0	0	14676	17011	7208	4873	0.0	4314
KP|Generate_v6_20860	CPB0187	100.00	1575	0	0	26898	28472	4863	3289	0.0	2909
KP|Generate_v6_20860	CPB0187	100.00	1528	0	0	22524	24051	29165	27638	0.0	2822
KP|Generate_v6_20860	CPB0187	100.00	1528	0	0	19350	20877	29165	27638	0.0	2822
KP|Generate_v6_20860	CPB0187	100.00	1038	0	0	30984	32021	18936	17899	0.0	1917
KP|Generate_v6_20860	CPB0187	99.90	968	0	1	17258	18224	20037	19070	0.0	1781
KP|Generate_v6_20860	CPB0187	99.69	972	2	1	25927	26897	20043	19072	0.0	1777
KP|Generate_v6_20860	CPB0187	100.00	907	0	0	18309	19215	23581	22675	0.0	1676
KP|Generate_v6_20860	CPB0187	100.00	906	0	0	24489	25394	23581	22676	0.0	1674
KP|Generate_v6_20860	CPB0187	97.36	908	24	0	46783	47690	23581	22674	0.0	1544
KP|Generate_v6_20860	CPB0187	99.86	704	0	1	21003	21706	31157	30455	0.0	1293
KP|Generate_v6_20860	CPB0187	100.00	699	0	0	21702	22400	31157	30459	0.0	1291
KP|Generate_v6_20860	CPB0187	93.74	591	37	0	47899	48489	14096	13506	0.0	887
KP|Generate_v6_20860	CPB0187	83.95	953	103	38	38718	39636	40145	39209	0.0	867
KP|Generate_v6_20860	CPB0187	100.00	304	0	0	24051	24354	24086	23783	6e-158	562
KP|Generate_v6_20860	CPB0187	91.86	381	31	0	11885	12265	34288	33908	4e-149	532
KP|Generate_v6_20860	CPB0187	100.00	253	0	0	17011	17263	17878	17626	1e-129	468
KP|Generate_v6_20860	CPB0187	99.56	227	0	1	25605	25830	22249	22023	6e-113	412
KP|Generate_v6_20860	CPB0187	100.00	213	0	0	25395	25607	27567	27355	2e-107	394
KP|Generate_v6_20860	CPB0187	100.00	135	0	0	24354	24488	18937	19071	5e-64	250
KP|Generate_v6_20860	CPB0187	100.00	135	0	0	30849	30983	18937	19071	5e-64	250
KP|Generate_v6_20860	CPB0187	100.00	126	0	0	20877	21002	31457	31332	5e-59	233
KP|Generate_v6_20860	CPB0187	100.00	123	0	0	22401	22523	29488	29366	2e-57	228
KP|Generate_v6_20860	CPB0187	100.00	123	0	0	19227	19349	29488	29366	2e-57	228
KP|Generate_v6_20860	CPB0187	100.00	111	0	0	25827	25937	22694	22584	1e-50	206
KP|Generate_v6_20860	CPB0187	96.64	119	4	0	38599	38717	119	1	2e-48	198
KP|Generate_v6_20860	CPB0187	95.19	104	0	5	18210	18308	22480	22583	8e-37	159
KP|Generate_v6_20860	CPB0187	94.23	104	6	0	38433	38536	35011	35114	8e-37	159
KP|Generate_v6_20860	CPB0187	93.65	63	4	0	12672	12734	35051	35113	2e-17	95.3
