KP|Generate_v6_24504	CPB0884	99.88	2502	2	1	48356	50856	5836	3335	0.0	4602
KP|Generate_v6_24504	CPB0884	99.92	2495	1	1	50839	53332	5840	3346	0.0	4595
KP|Generate_v6_24504	CPB0884	100.00	2469	0	0	43844	46312	22786	20318	0.0	4560
KP|Generate_v6_24504	CPB0884	100.00	1858	0	0	14182	16039	3034	1177	0.0	3432
KP|Generate_v6_24504	CPB0884	100.00	1054	0	0	16712	17765	36556	35503	0.0	1947
KP|Generate_v6_24504	CPB0884	99.90	974	0	1	46308	47281	25475	24503	0.0	1792
KP|Generate_v6_24504	CPB0884	87.00	954	121	3	447	1397	17046	16093	0.0	1072
KP|Generate_v6_24504	CPB0884	100.00	576	0	0	17766	18341	40652	40077	0.0	1064
KP|Generate_v6_24504	CPB0884	100.00	442	0	0	47440	47881	20295	19854	0.0	817
KP|Generate_v6_24504	CPB0884	100.00	265	0	0	16039	16303	19858	19594	3e-136	490
KP|Generate_v6_24504	CPB0884	100.00	222	0	0	18342	18563	39856	40077	2e-112	411
KP|Generate_v6_24504	CPB0884	100.00	204	0	0	16351	16554	34082	33879	2e-102	377
KP|Generate_v6_24504	CPB0884	100.00	190	0	0	43465	43654	38620	38809	1e-94	351
KP|Generate_v6_24504	CPB0884	100.00	189	0	0	43655	43843	35030	34842	5e-94	350
KP|Generate_v6_24504	CPB0884	100.00	161	0	0	16552	16712	28714	28874	2e-78	298
KP|Generate_v6_24504	CPB0884	99.39	163	0	1	47282	47444	25629	25468	2e-77	294
KP|Generate_v6_24504	CPB0884	100.00	159	0	0	48200	48358	25629	25471	2e-77	294
KP|Generate_v6_24504	CPB0884	100.00	159	0	0	48041	48199	25629	25471	2e-77	294
KP|Generate_v6_24504	CPB0884	100.00	159	0	0	47882	48040	25629	25471	2e-77	294
KP|Generate_v6_24504	CPB0884	100.00	67	0	0	43269	43335	40653	40719	3e-26	124
KP|Generate_v6_24504	CPB0884	100.00	67	0	0	43336	43402	40653	40719	3e-26	124
KP|Generate_v6_24504	CPB0884	100.00	62	0	0	43403	43464	39548	39609	2e-23	115
KP|Generate_v6_24504	CPB0884	100.00	47	0	0	16304	16350	27623	27669	4e-15	87.9
KP|Generate_v6_24504	CPB0187	99.96	2382	1	0	37698	40079	16960	14579	0.0	4394
KP|Generate_v6_24504	CPB0187	100.00	2378	0	0	33402	35779	16960	14583	0.0	4392
KP|Generate_v6_24504	CPB0187	100.00	2378	0	0	23655	26032	16960	14583	0.0	4392
KP|Generate_v6_24504	CPB0187	100.00	2377	0	0	20320	22696	16959	14583	0.0	4390
KP|Generate_v6_24504	CPB0187	100.00	2334	0	0	40415	42748	7207	4874	0.0	4311
KP|Generate_v6_24504	CPB0187	100.00	2334	0	0	26237	28570	7207	4874	0.0	4311
KP|Generate_v6_24504	CPB0187	100.00	2257	0	0	28570	30826	13507	11251	0.0	4169
KP|Generate_v6_24504	CPB0187	100.00	1759	0	0	18562	20320	2273	515	0.0	3249
KP|Generate_v6_24504	CPB0187	97.34	1767	46	1	9405	11170	2283	517	0.0	3001
KP|Generate_v6_24504	CPB0187	100.00	1040	0	0	32366	33405	18936	17897	0.0	1921
KP|Generate_v6_24504	CPB0187	99.59	976	2	2	31035	32008	20047	19072	0.0	1779
KP|Generate_v6_24504	CPB0187	99.90	966	1	0	35774	36739	20037	19072	0.0	1779
KP|Generate_v6_24504	CPB0187	99.90	966	1	0	22691	23656	20037	19072	0.0	1779
KP|Generate_v6_24504	CPB0187	100.00	962	0	0	36738	37699	20033	19072	0.0	1777
KP|Generate_v6_24504	CPB0187	100.00	447	0	0	42822	43268	2715	2269	0.0	826
KP|Generate_v6_24504	CPB0187	89.24	446	48	0	53464	53909	35010	34565	8e-157	558
KP|Generate_v6_24504	CPB0187	92.17	383	30	0	13797	14179	35213	35595	8e-152	542
KP|Generate_v6_24504	CPB0187	100.00	254	0	0	40076	40329	17878	17625	4e-130	470
KP|Generate_v6_24504	CPB0187	100.00	248	0	0	32007	32254	22499	22252	8e-127	459
KP|Generate_v6_24504	CPB0187	99.56	227	0	1	30827	31052	22249	22023	6e-113	412
KP|Generate_v6_24504	CPB0187	100.00	204	0	0	26033	26236	3276	3073	2e-102	377
KP|Generate_v6_24504	CPB0187	100.00	111	0	0	32255	32365	22694	22584	1e-50	206
KP|Generate_v6_24504	CPB0187	100.00	67	0	0	40328	40394	17560	17626	3e-26	124
KP|Generate_v6_24504	CPB0187	100.00	61	0	0	42749	42809	7208	7268	7e-23	113
KP|Generate_v6_24504	CPB0832	95.10	2469	121	0	43844	46312	40554	38086	0.0	3890
KP|Generate_v6_24504	CPB0832	92.17	1851	145	0	14189	16039	21591	19741	0.0	2615
KP|Generate_v6_24504	CPB0832	91.84	1054	80	3	16712	17765	10793	9746	0.0	1465
KP|Generate_v6_24504	CPB0832	93.08	867	60	0	46415	47281	43236	42370	0.0	1269
KP|Generate_v6_24504	CPB0832	86.92	1017	124	7	387	1397	34526	33513	0.0	1133
KP|Generate_v6_24504	CPB0832	91.74	569	43	2	17775	18341	14471	13905	0.0	787
KP|Generate_v6_24504	CPB0832	96.61	442	15	0	47440	47881	37715	37274	0.0	734
KP|Generate_v6_24504	CPB0832	98.49	265	4	0	16039	16303	37278	37014	1e-129	468
KP|Generate_v6_24504	CPB0832	96.89	161	5	0	16552	16712	3494	3654	4e-70	270
KP|Generate_v6_24504	CPB0832	91.41	163	13	1	47282	47444	260	99	1e-55	222
KP|Generate_v6_24504	CPB0832	91.82	159	13	0	48200	48358	260	102	1e-55	222
KP|Generate_v6_24504	CPB0832	91.82	159	13	0	48041	48199	260	102	1e-55	222
KP|Generate_v6_24504	CPB0832	91.82	159	13	0	47882	48040	260	102	1e-55	222
KP|Generate_v6_24504	CPB0832	90.74	108	7	3	46308	46414	106	1	3e-31	141
KP|Generate_v6_24504	CPB0832	91.55	71	2	1	43269	43335	14481	14551	3e-17	95.3
KP|Generate_v6_24504	CPB0832	91.55	71	2	1	43336	43402	14481	14551	3e-17	95.3
