KP|Generate_v6_5638	CPB0884	100.00	3699	0	0	46544	50242	9532	5834	0.0	6831
KP|Generate_v6_5638	CPB0884	100.00	1859	0	0	50242	52100	3034	1176	0.0	3434
KP|Generate_v6_5638	CPB0884	100.00	1281	0	0	45008	46288	33872	32592	0.0	2366
KP|Generate_v6_5638	CPB0884	100.00	564	0	0	21407	21970	43555	42992	0.0	1042
KP|Generate_v6_5638	CPB0884	91.11	742	56	10	766	1502	34819	34083	0.0	996
KP|Generate_v6_5638	CPB0884	100.00	452	0	0	20767	21218	32389	31938	0.0	835
KP|Generate_v6_5638	CPB0884	100.00	441	0	0	20327	20767	20294	19854	0.0	815
KP|Generate_v6_5638	CPB0884	100.00	257	0	0	46289	46545	26261	26005	8e-132	475
KP|Generate_v6_5638	CPB0884	100.00	223	0	0	44785	45007	39854	40076	6e-113	412
KP|Generate_v6_5638	CPB0884	100.00	189	0	0	21218	21406	35030	34842	5e-94	350
KP|Generate_v6_5638	CPB0215	95.44	3703	168	1	46544	50245	32916	36618	0.0	5901
KP|Generate_v6_5638	CPB0215	91.52	1852	157	0	50249	52100	38516	40367	0.0	2551
KP|Generate_v6_5638	CPB0215	94.23	1282	70	4	45009	46288	8778	10057	0.0	1954
KP|Generate_v6_5638	CPB0215	95.08	630	31	0	874	1503	7950	8579	0.0	992
KP|Generate_v6_5638	CPB0215	92.12	444	29	5	20327	20767	22156	22596	1e-175	621
KP|Generate_v6_5638	CPB0215	86.11	547	72	4	21407	21951	41225	41769	4e-165	586
KP|Generate_v6_5638	CPB0215	89.96	259	24	2	46289	46546	15570	15827	5e-89	333
KP|Generate_v6_5638	CPB0215	98.04	51	1	0	44809	44859	3033	2983	1e-15	89.8
KP|Generate_v6_5638	CPB0665	94.78	3699	193	0	46544	50242	32908	36606	0.0	5762
KP|Generate_v6_5638	CPB0665	93.36	1852	123	0	50249	52100	37856	39707	0.0	2739
KP|Generate_v6_5638	CPB0665	94.14	1280	75	0	45009	46288	9084	10363	0.0	1949
KP|Generate_v6_5638	CPB0665	94.46	722	38	2	779	1499	8356	9076	0.0	1110
KP|Generate_v6_5638	CPB0665	97.28	441	12	0	20327	20767	22136	22576	0.0	749
KP|Generate_v6_5638	CPB0665	86.50	526	69	2	21407	21931	40951	41475	2e-162	577
KP|Generate_v6_5638	CPB0665	87.84	255	31	0	46289	46543	16058	16312	5e-79	300
