KP|Generate_v6_7294	CPB0187	99.92	3976	2	1	31519	35493	11244	7269	0.0	7324
KP|Generate_v6_7294	CPB0187	100.00	2378	0	0	26586	28963	16960	14583	0.0	4392
KP|Generate_v6_7294	CPB0187	100.00	2335	0	0	16226	18560	7208	4874	0.0	4313
KP|Generate_v6_7294	CPB0187	100.00	2334	0	0	18561	20894	7207	4874	0.0	4311
KP|Generate_v6_7294	CPB0187	100.00	1759	0	0	14456	16214	2273	515	0.0	3249
KP|Generate_v6_7294	CPB0187	100.00	1576	0	0	23873	25448	4863	3288	0.0	2911
KP|Generate_v6_7294	CPB0187	100.00	1040	0	0	21875	22914	18936	17897	0.0	1921
KP|Generate_v6_7294	CPB0187	99.81	1045	1	1	28958	30001	18943	17899	0.0	1917
KP|Generate_v6_7294	CPB0187	100.00	962	0	0	22911	23872	20033	19072	0.0	1777
KP|Generate_v6_7294	CPB0187	100.00	960	0	0	30022	30981	20031	19072	0.0	1773
KP|Generate_v6_7294	CPB0187	100.00	960	0	0	20915	21874	20031	19072	0.0	1773
KP|Generate_v6_7294	CPB0187	99.50	602	0	2	25717	26315	14107	13506	0.0	1092
KP|Generate_v6_7294	CPB0187	99.13	461	2	2	35892	36351	2728	2269	0.0	828
KP|Generate_v6_7294	CPB0187	100.00	411	0	0	35494	35904	14509	14099	0.0	760
KP|Generate_v6_7294	CPB0187	100.00	411	0	0	31117	31527	14509	14099	0.0	760
KP|Generate_v6_7294	CPB0187	96.57	437	15	0	9632	10068	31876	31440	0.0	725
KP|Generate_v6_7294	CPB0187	100.00	253	0	0	26336	26588	17878	17626	1e-129	468
KP|Generate_v6_7294	CPB0187	100.00	204	0	0	25521	25724	3276	3073	2e-102	377
KP|Generate_v6_7294	CPB0187	91.55	213	18	0	11097	11309	36589	36801	2e-77	294
KP|Generate_v6_7294	CPB0187	100.00	135	0	0	30982	31116	18937	19071	5e-64	250
KP|Generate_v6_7294	CPB0187	94.32	88	5	0	46705	46792	33903	33816	1e-29	135
KP|Generate_v6_7294	CPB0187	97.37	76	1	1	46619	46694	26853	26779	2e-27	128
KP|Generate_v6_7294	CPB0187	100.00	61	0	0	25448	25508	7208	7268	7e-23	113
KP|Generate_v6_7294	CPB0479	95.30	3978	182	4	31519	35493	4576	601	0.0	6305
KP|Generate_v6_7294	CPB0479	92.22	2379	183	2	26586	28963	10293	7916	0.0	3367
KP|Generate_v6_7294	CPB0479	96.76	1759	57	0	14456	16214	36146	34388	0.0	2933
KP|Generate_v6_7294	CPB0479	96.22	1032	38	1	28958	29988	12114	11083	0.0	1688
KP|Generate_v6_7294	CPB0479	96.39	1025	37	0	21875	22899	12107	11083	0.0	1688
KP|Generate_v6_7294	CPB0479	97.61	962	23	0	22911	23872	13302	12341	0.0	1650
KP|Generate_v6_7294	CPB0479	97.60	960	23	0	30022	30981	13300	12341	0.0	1646
KP|Generate_v6_7294	CPB0479	97.60	960	23	0	20915	21874	13300	12341	0.0	1646
KP|Generate_v6_7294	CPB0479	90.86	602	52	2	25717	26315	7439	6838	0.0	804
KP|Generate_v6_7294	CPB0479	97.18	461	11	2	35892	36351	36601	36142	0.0	778
KP|Generate_v6_7294	CPB0479	97.57	411	10	0	35494	35904	7841	7431	0.0	704
KP|Generate_v6_7294	CPB0479	97.57	411	10	0	31117	31527	7841	7431	0.0	704
KP|Generate_v6_7294	CPB0479	86.12	425	55	4	9632	10054	25419	24997	1e-125	455
KP|Generate_v6_7294	CPB0479	82.03	473	81	4	16226	16696	539	69	5e-109	399
KP|Generate_v6_7294	CPB0479	81.99	472	81	4	18561	19030	538	69	2e-108	398
KP|Generate_v6_7294	CPB0479	98.05	205	4	0	25521	25725	37149	36945	3e-96	357
KP|Generate_v6_7294	CPB0479	92.49	213	16	0	11097	11309	30163	30375	1e-80	305
KP|Generate_v6_7294	CPB0479	95.56	90	2	1	46705	46792	27477	27388	9e-32	143
KP|Generate_v6_7294	CPB0479	97.37	76	1	1	46619	46694	20322	20248	2e-27	128
KP|Generate_v6_7294	CPB0479	98.33	60	0	1	23891	23950	38855	38797	4e-20	104
KP|Generate_v6_7294	CPB0479	100.00	51	0	0	31016	31066	12183	12233	2e-17	95.3
KP|Generate_v6_7294	CPB0479	94.44	54	2	1	25448	25500	539	592	2e-13	82.4
KP|Generate_v6_7294	CPB0472	95.30	3978	182	4	31519	35493	29401	33376	0.0	6305
KP|Generate_v6_7294	CPB0472	92.22	2379	183	2	26586	28963	23684	26061	0.0	3367
KP|Generate_v6_7294	CPB0472	96.76	1759	57	0	14456	16214	38803	40561	0.0	2933
KP|Generate_v6_7294	CPB0472	96.22	1032	38	1	28958	29988	21863	22894	0.0	1688
KP|Generate_v6_7294	CPB0472	96.39	1025	37	0	21875	22899	21870	22894	0.0	1688
KP|Generate_v6_7294	CPB0472	97.61	962	23	0	22911	23872	20675	21636	0.0	1650
KP|Generate_v6_7294	CPB0472	97.60	960	23	0	20915	21874	20677	21636	0.0	1646
KP|Generate_v6_7294	CPB0472	97.60	960	23	0	30022	30981	20677	21636	0.0	1646
KP|Generate_v6_7294	CPB0472	90.86	602	52	2	25717	26315	26538	27139	0.0	804
KP|Generate_v6_7294	CPB0472	97.18	461	11	2	35892	36351	38348	38807	0.0	778
KP|Generate_v6_7294	CPB0472	97.57	411	10	0	31117	31527	26136	26546	0.0	704
KP|Generate_v6_7294	CPB0472	97.57	411	10	0	35494	35904	26136	26546	0.0	704
KP|Generate_v6_7294	CPB0472	86.12	425	55	4	9632	10054	8558	8980	1e-125	455
KP|Generate_v6_7294	CPB0472	80.36	555	97	9	16226	16774	33438	33986	2e-112	411
KP|Generate_v6_7294	CPB0472	80.32	554	97	9	18561	19108	33439	33986	8e-112	409
KP|Generate_v6_7294	CPB0472	98.05	205	4	0	25521	25725	37800	38004	3e-96	357
KP|Generate_v6_7294	CPB0472	92.49	213	16	0	11097	11309	3814	3602	1e-80	305
KP|Generate_v6_7294	CPB0472	95.56	90	2	1	46705	46792	6500	6589	9e-32	143
KP|Generate_v6_7294	CPB0472	97.37	76	1	1	46619	46694	13655	13729	2e-27	128
KP|Generate_v6_7294	CPB0472	98.33	60	0	1	23891	23950	36094	36152	4e-20	104
KP|Generate_v6_7294	CPB0472	100.00	51	0	0	31016	31066	21794	21744	2e-17	95.3
KP|Generate_v6_7294	CPB0472	94.44	54	2	1	25448	25500	33438	33385	2e-13	82.4
