KP|Generate_v6_11292	CPB0164	100.00	3966	0	0	40073	44038	7881	11846	0.0	7324
KP|Generate_v6_11292	CPB0164	100.00	1759	0	0	38314	40072	15845	17603	0.0	3249
KP|Generate_v6_11292	CPB0164	99.88	1630	1	1	36456	38084	36887	38516	0.0	2998
KP|Generate_v6_11292	CPB0164	100.00	966	0	0	7623	8588	17998	18963	0.0	1784
KP|Generate_v6_11292	CPB0164	93.15	993	68	0	28224	29216	23265	22273	0.0	1458
KP|Generate_v6_11292	CPB0164	91.98	885	71	0	16216	17100	11906	12790	0.0	1242
KP|Generate_v6_11292	CPB0164	88.43	951	90	9	23961	24908	18930	17997	0.0	1129
KP|Generate_v6_11292	CPB0164	92.97	612	41	2	15626	16237	5019	5628	0.0	891
KP|Generate_v6_11292	CPB0164	91.53	425	35	1	18126	18550	12785	13208	1e-164	584
KP|Generate_v6_11292	CPB0164	94.96	258	13	0	15368	15625	15049	15306	9e-111	405
KP|Generate_v6_11292	CPB0164	100.00	122	0	0	38059	38180	26615	26736	8e-57	226
KP|Generate_v6_11292	CPB0164	100.00	98	0	0	38181	38278	24302	24399	2e-43	182
KP|Generate_v6_11292	CPB0164	85.51	69	7	3	38279	38347	20471	20536	1e-09	69.4
KP|Generate_v6_12421	CPB0187	100.00	3966	0	0	36074	40039	11234	7269	0.0	7324
KP|Generate_v6_12421	CPB0187	100.00	2334	0	0	41051	43384	7207	4874	0.0	4311
KP|Generate_v6_12421	CPB0187	100.00	2334	0	0	33673	36006	7207	4874	0.0	4311
KP|Generate_v6_12421	CPB0187	99.83	1771	2	1	25184	26954	2284	515	0.0	3253
KP|Generate_v6_12421	CPB0187	99.89	1765	1	1	43859	45622	2272	508	0.0	3247
KP|Generate_v6_12421	CPB0187	100.00	1608	0	0	27386	28993	21742	20135	0.0	2970
KP|Generate_v6_12421	CPB0187	100.00	1575	0	0	30407	31981	4863	3289	0.0	2909
KP|Generate_v6_12421	CPB0187	100.00	1040	0	0	32635	33674	18936	17897	0.0	1921
KP|Generate_v6_12421	CPB0187	100.00	906	0	0	29240	30145	23581	22676	0.0	1674
KP|Generate_v6_12421	CPB0187	100.00	592	0	0	24606	25197	14096	13505	0.0	1094
KP|Generate_v6_12421	CPB0187	100.00	447	0	0	40604	41050	2715	2269	0.0	826
KP|Generate_v6_12421	CPB0187	100.00	412	0	0	31982	32393	14509	14098	0.0	761
KP|Generate_v6_12421	CPB0187	100.00	412	0	0	26955	27366	14509	14098	0.0	761
KP|Generate_v6_12421	CPB0187	90.48	567	35	4	49184	49749	36802	37350	0.0	730
KP|Generate_v6_12421	CPB0187	91.86	381	31	0	14110	14490	34288	33908	5e-149	532
KP|Generate_v6_12421	CPB0187	99.25	268	1	1	30146	30412	22026	21759	5e-134	483
KP|Generate_v6_12421	CPB0187	100.00	248	0	0	28992	29239	22499	22252	8e-127	459
KP|Generate_v6_12421	CPB0187	99.56	228	0	1	32412	32638	22250	22023	2e-113	414
KP|Generate_v6_12421	CPB0187	99.00	200	2	0	11036	11235	29166	29365	8e-97	359
KP|Generate_v6_12421	CPB0187	98.68	76	1	0	49752	49827	26850	26775	2e-29	135
KP|Generate_v6_12421	CPB0187	100.00	67	0	0	36007	36073	17560	17626	3e-26	124
KP|Generate_v6_12421	CPB0187	100.00	63	0	0	43796	43858	1	63	5e-24	117
KP|Generate_v6_13944	CPB0164	100.00	2722	0	0	41693	44414	21580	24301	0.0	5027
KP|Generate_v6_13944	CPB0164	100.00	2127	0	0	39567	41693	32400	34526	0.0	3928
KP|Generate_v6_13944	CPB0164	97.34	1768	44	2	30695	32459	15834	17601	0.0	3001
KP|Generate_v6_13944	CPB0164	95.96	1610	65	0	27399	29008	36886	38495	0.0	2614
KP|Generate_v6_13944	CPB0164	96.25	1575	59	0	16053	17627	13219	14793	0.0	2582
KP|Generate_v6_13944	CPB0164	95.06	1053	50	2	29244	30294	170	1222	0.0	1655
KP|Generate_v6_13944	CPB0164	95.29	1040	49	0	17628	18667	183	1222	0.0	1650
KP|Generate_v6_13944	CPB0164	97.35	906	24	0	19356	20261	35050	35955	0.0	1541
KP|Generate_v6_13944	CPB0164	87.76	1046	100	21	24854	25882	25586	26620	0.0	1197
KP|Generate_v6_13944	CPB0164	96.30	703	25	1	21791	22493	27733	28434	0.0	1153
KP|Generate_v6_13944	CPB0164	96.20	447	17	0	15606	16052	15403	15849	0.0	732
KP|Generate_v6_13944	CPB0164	98.05	411	8	0	26990	27400	4606	5016	0.0	715
KP|Generate_v6_13944	CPB0164	98.05	411	8	0	30293	30703	4606	5016	0.0	715
KP|Generate_v6_13944	CPB0164	91.86	381	31	0	26315	26695	24574	24954	4e-149	532
KP|Generate_v6_13944	CPB0164	85.28	462	58	7	23684	24140	28883	29339	1e-129	468
KP|Generate_v6_13944	CPB0164	85.28	462	58	7	24140	24596	28883	29339	1e-129	468
KP|Generate_v6_13944	CPB0164	85.25	461	58	7	20262	20717	28883	29338	4e-129	466
KP|Generate_v6_13944	CPB0164	99.19	248	2	0	29007	29254	36131	36378	2e-123	448
KP|Generate_v6_13944	CPB0164	96.06	254	10	0	24594	24847	25226	25479	2e-113	414
KP|Generate_v6_13944	CPB0164	96.06	254	10	0	25881	26134	25226	25479	2e-113	414
KP|Generate_v6_13944	CPB0164	90.65	310	29	0	18666	18975	34545	34854	6e-113	412
KP|Generate_v6_13944	CPB0164	83.67	392	53	8	18969	19356	32000	32384	8e-97	359
KP|Generate_v6_13944	CPB0164	83.67	392	53	8	23006	23393	32000	32384	8e-97	359
KP|Generate_v6_13944	CPB0164	95.37	216	9	1	23469	23683	31401	31616	8e-92	342
KP|Generate_v6_13944	CPB0164	95.33	214	9	1	22673	22886	31407	31619	1e-90	339
KP|Generate_v6_13944	CPB0164	95.71	210	9	0	21371	21580	31407	31616	1e-90	339
KP|Generate_v6_13944	CPB0164	95.71	210	9	0	21581	21790	31407	31616	1e-90	339
KP|Generate_v6_13944	CPB0164	92.66	177	13	0	20935	21111	25048	25224	1e-65	255
KP|Generate_v6_13944	CPB0164	99.26	135	1	0	21220	21354	27501	27635	2e-62	244
KP|Generate_v6_13944	CPB0164	99.25	134	1	0	26705	26838	27502	27635	8e-62	243
KP|Generate_v6_13944	CPB0164	100.00	120	0	0	10836	10955	29488	29607	1e-55	222
KP|Generate_v6_13944	CPB0164	89.92	129	11	2	26855	26981	182	54	2e-38	165
KP|Generate_v6_13944	CPB0164	93.58	109	6	1	20718	20826	26736	26629	2e-37	161
KP|Generate_v6_13944	CPB0164	95.00	100	5	0	20835	20934	25585	25486	3e-36	158
KP|Generate_v6_13944	CPB0164	92.59	81	3	2	2540	2619	24969	25047	6e-23	113
KP|Generate_v6_13944	CPB0164	100.00	47	0	0	44409	44455	1215	1261	4e-15	87.9
KP|Generate_v6_13944	CPB0164	92.31	52	3	1	12909	12960	29335	29385	1e-10	73.1
KP|Generate_v6_17710	CPB0191	100.00	4843	0	0	46978	51820	29243	24401	0.0	8944
KP|Generate_v6_17710	CPB0191	99.87	794	1	0	1487	2280	58926	59719	0.0	1461
KP|Generate_v6_17888	CPB0191	100.00	4839	0	0	38785	43623	29241	24403	0.0	8937
KP|Generate_v6_17888	CPB0191	97.85	2280	49	0	3779	6058	118210	115931	0.0	3940
KP|Generate_v6_17888	CPB0191	98.69	609	8	0	1612	2220	123020	122412	0.0	1081
KP|Generate_v6_20860	CPB0881	100.00	4380	0	0	6278	10657	169610	165231	0.0	8089
KP|Generate_v6_20860	CPB0881	99.66	291	1	0	5987	6277	116417	116707	4e-149	532
KP|Generate_v6_20860	CPB0881	100.00	180	0	0	5813	5992	56393	56572	5e-89	333
KP|Generate_v6_24504	CPB0884	99.88	2502	2	1	48356	50856	5836	3335	0.0	4602
KP|Generate_v6_24504	CPB0884	99.92	2495	1	1	50839	53332	5840	3346	0.0	4595
KP|Generate_v6_24504	CPB0884	100.00	2469	0	0	43844	46312	22786	20318	0.0	4560
KP|Generate_v6_24504	CPB0884	100.00	1858	0	0	14182	16039	3034	1177	0.0	3432
KP|Generate_v6_24504	CPB0884	100.00	1054	0	0	16712	17765	36556	35503	0.0	1947
KP|Generate_v6_24504	CPB0884	99.90	974	0	1	46308	47281	25475	24503	0.0	1792
KP|Generate_v6_24504	CPB0884	87.00	954	121	3	447	1397	17046	16093	0.0	1072
KP|Generate_v6_24504	CPB0884	100.00	576	0	0	17766	18341	40652	40077	0.0	1064
KP|Generate_v6_24504	CPB0884	100.00	442	0	0	47440	47881	20295	19854	0.0	817
KP|Generate_v6_24504	CPB0884	100.00	265	0	0	16039	16303	19858	19594	3e-136	490
KP|Generate_v6_24504	CPB0884	100.00	222	0	0	18342	18563	39856	40077	2e-112	411
KP|Generate_v6_24504	CPB0884	100.00	204	0	0	16351	16554	34082	33879	2e-102	377
KP|Generate_v6_24504	CPB0884	100.00	190	0	0	43465	43654	38620	38809	1e-94	351
KP|Generate_v6_24504	CPB0884	100.00	189	0	0	43655	43843	35030	34842	5e-94	350
KP|Generate_v6_24504	CPB0884	100.00	161	0	0	16552	16712	28714	28874	2e-78	298
KP|Generate_v6_24504	CPB0884	99.39	163	0	1	47282	47444	25629	25468	2e-77	294
KP|Generate_v6_24504	CPB0884	100.00	159	0	0	48200	48358	25629	25471	2e-77	294
KP|Generate_v6_24504	CPB0884	100.00	159	0	0	48041	48199	25629	25471	2e-77	294
KP|Generate_v6_24504	CPB0884	100.00	159	0	0	47882	48040	25629	25471	2e-77	294
KP|Generate_v6_24504	CPB0884	100.00	67	0	0	43269	43335	40653	40719	3e-26	124
KP|Generate_v6_24504	CPB0884	100.00	67	0	0	43336	43402	40653	40719	3e-26	124
KP|Generate_v6_24504	CPB0884	100.00	62	0	0	43403	43464	39548	39609	2e-23	115
KP|Generate_v6_24504	CPB0884	100.00	47	0	0	16304	16350	27623	27669	4e-15	87.9
KP|Generate_v6_5638	CPB0884	100.00	3699	0	0	46544	50242	9532	5834	0.0	6831
KP|Generate_v6_5638	CPB0884	100.00	1859	0	0	50242	52100	3034	1176	0.0	3434
KP|Generate_v6_5638	CPB0884	100.00	1281	0	0	45008	46288	33872	32592	0.0	2366
KP|Generate_v6_5638	CPB0884	100.00	564	0	0	21407	21970	43555	42992	0.0	1042
KP|Generate_v6_5638	CPB0884	91.11	742	56	10	766	1502	34819	34083	0.0	996
KP|Generate_v6_5638	CPB0884	100.00	452	0	0	20767	21218	32389	31938	0.0	835
KP|Generate_v6_5638	CPB0884	100.00	441	0	0	20327	20767	20294	19854	0.0	815
KP|Generate_v6_5638	CPB0884	100.00	257	0	0	46289	46545	26261	26005	8e-132	475
KP|Generate_v6_5638	CPB0884	100.00	223	0	0	44785	45007	39854	40076	6e-113	412
KP|Generate_v6_5638	CPB0884	100.00	189	0	0	21218	21406	35030	34842	5e-94	350
KP|Generate_v6_6935	CPB0191	99.96	4851	2	0	14829	19679	29251	24401	0.0	8948
KP|Generate_v6_6935	CPB0191	97.62	1093	26	0	2104	3196	63181	64273	0.0	1875
KP|Generate_v6_6935	CPB0191	100.00	192	0	0	42066	42257	156200	156391	1e-95	355
KP|Generate_v6_7294	CPB0187	99.92	3976	2	1	31519	35493	11244	7269	0.0	7324
KP|Generate_v6_7294	CPB0187	100.00	2378	0	0	26586	28963	16960	14583	0.0	4392
KP|Generate_v6_7294	CPB0187	100.00	2335	0	0	16226	18560	7208	4874	0.0	4313
KP|Generate_v6_7294	CPB0187	100.00	2334	0	0	18561	20894	7207	4874	0.0	4311
KP|Generate_v6_7294	CPB0187	100.00	1759	0	0	14456	16214	2273	515	0.0	3249
KP|Generate_v6_7294	CPB0187	100.00	1576	0	0	23873	25448	4863	3288	0.0	2911
KP|Generate_v6_7294	CPB0187	100.00	1040	0	0	21875	22914	18936	17897	0.0	1921
KP|Generate_v6_7294	CPB0187	99.81	1045	1	1	28958	30001	18943	17899	0.0	1917
KP|Generate_v6_7294	CPB0187	100.00	962	0	0	22911	23872	20033	19072	0.0	1777
KP|Generate_v6_7294	CPB0187	100.00	960	0	0	30022	30981	20031	19072	0.0	1773
KP|Generate_v6_7294	CPB0187	100.00	960	0	0	20915	21874	20031	19072	0.0	1773
KP|Generate_v6_7294	CPB0187	99.50	602	0	2	25717	26315	14107	13506	0.0	1092
KP|Generate_v6_7294	CPB0187	99.13	461	2	2	35892	36351	2728	2269	0.0	828
KP|Generate_v6_7294	CPB0187	100.00	411	0	0	35494	35904	14509	14099	0.0	760
KP|Generate_v6_7294	CPB0187	100.00	411	0	0	31117	31527	14509	14099	0.0	760
KP|Generate_v6_7294	CPB0187	96.57	437	15	0	9632	10068	31876	31440	0.0	725
KP|Generate_v6_7294	CPB0187	100.00	253	0	0	26336	26588	17878	17626	1e-129	468
KP|Generate_v6_7294	CPB0187	100.00	204	0	0	25521	25724	3276	3073	2e-102	377
KP|Generate_v6_7294	CPB0187	91.55	213	18	0	11097	11309	36589	36801	2e-77	294
KP|Generate_v6_7294	CPB0187	100.00	135	0	0	30982	31116	18937	19071	5e-64	250
KP|Generate_v6_7294	CPB0187	94.32	88	5	0	46705	46792	33903	33816	1e-29	135
KP|Generate_v6_7294	CPB0187	97.37	76	1	1	46619	46694	26853	26779	2e-27	128
KP|Generate_v6_7294	CPB0187	100.00	61	0	0	25448	25508	7208	7268	7e-23	113
